name: git_annex
channels:
  - defaults
  - conda-forge
dependencies:
  - _libgcc_mutex=0.1=conda_forge
  - _openmp_mutex=4.5=2_gnu
  - bzip2=1.0.8=h7f98852_4
  - c-ares=1.18.1=h7f98852_0
  - ca-certificates=2022.6.15=ha878542_0
  - curl=7.83.1=h2283fc2_0
  - dbus=1.13.6=h5008d03_3
  - expat=2.4.8=h27087fc_0
  - gettext=0.19.8.1=h73d1719_1008
  - gh=2.15.0=ha8f183a_0
  - git=2.37.3=pl5321h04cb727_0
  - git-annex=10.20220822=alldep_hc98582e_100
  - gmp=6.2.1=h58526e2_0
  - gnupg=2.3.3=h7853c96_0
  - keyutils=1.6.1=h166bdaf_0
  - krb5=1.19.3=h08a2579_0
  - libassuan=2.5.5=h9c3ff4c_0
  - libcbor=0.9.0=h9c3ff4c_0
  - libcurl=7.83.1=h2283fc2_0
  - libedit=3.1.20191231=he28a2e2_2
  - libev=4.33=h516909a_1
  - libffi=3.4.2=h7f98852_5
  - libfido2=1.11.0=he49606f_0
  - libgcc-ng=12.1.0=h8d9b700_16
  - libgcrypt=1.10.1=h166bdaf_0
  - libglib=2.72.1=h2d90d5f_0
  - libgomp=12.1.0=h8d9b700_16
  - libgpg-error=1.45=hc0c96e0_0
  - libiconv=1.16=h516909a_0
  - libksba=1.3.5=hf484d3e_1000
  - libmagic=5.39=h753d276_1
  - libnghttp2=1.47.0=hff17c54_1
  - libnsl=2.0.0=h7f98852_0
  - libsqlite=3.39.3=h753d276_0
  - libssh2=1.10.0=hf14f497_3
  - libstdcxx-ng=12.1.0=ha89aaad_16
  - libudev1=249=h166bdaf_4
  - libzlib=1.2.12=h166bdaf_2
  - lsof=4.89=h7f98852_1
  - lz4-c=1.9.3=h9c3ff4c_1
  - ncurses=6.3=h27087fc_1
  - npth=1.6=h27087fc_1001
  - ntbtls=0.1.2=hdbcaa40_1000
  - openssh=9.0p1=h67c24c5_0
  - openssl=3.0.5=h166bdaf_2
  - pcre=8.45=h9c3ff4c_0
  - pcre2=10.37=hc3806b6_1
  - perl=5.32.1=2_h7f98852_perl5
  - popt=1.16=h0b475e3_2002
  - readline=8.1.2=h0f457ee_0
  - rsync=3.2.3=h36cecd6_4
  - sqlite=3.39.3=h4ff8645_0
  - xxhash=0.8.0=h7f98852_3
  - zlib=1.2.12=h166bdaf_2
  - zstd=1.5.2=h6239696_4
prefix: /home/carlos/miniconda3/envs/git_annex
